lastAccountName: Captain_SUSHI
timestamps:
  login: 1576551268507
  lastteleport: 1576551228221
  logout: 1576551258364
ipAddress: 124.171.54.171
lastlocation:
  world: world
  x: 525.3849484246183
  y: 111.67745363748605
  z: -3433.106850177325
  yaw: -278.21814
  pitch: 51.30048
geolocation: Australia
logoutlocation:
  world: world
  x: 1295.5
  y: 64.0
  z: -1613.5
  yaw: 297.64032
  pitch: 34.500725
homes:
  home:
    world: world
    x: 1165.4914267115307
    y: 108.97613074964404
    z: 124.32763972624271
    yaw: -327.55792
    pitch: 51.30106
