lastAccountName: Captain_SUSHI
timestamps:
  login: 1576580232064
  logout: 1576580275470
ipAddress: 120.18.163.92
logoutlocation:
  world: world
  x: 1288.699999988079
  y: 63.0
  z: 106.30000001192093
  yaw: 210.64342
  pitch: 5.551288
