lastAccountName: Biataria
timestamps:
  login: 1576502177821
  logout: 1576502192435
  kits:
    color: 1576142473993
    dtools: 1576385794367
    tools: 1576140059798
  lastteleport: 1576482172826
ipAddress: 127.0.0.1
logoutlocation:
  world: world
  x: 13.280670724811943
  y: 65.0
  z: 0.9893453945697718
  yaw: -99.879135
  pitch: 20.250654
afk: false
money: '429.9544999999999942'
lastlocation:
  world: world
  x: -626.3340788262651
  y: 69.0
  z: 883.1260903229273
  yaw: 96.043945
  pitch: 39.452187
godmode: false
homes:
  home:
    world: world
    x: -623.744864375644
    y: 64.0
    z: 884.2314173021891
    yaw: 227.99968
    pitch: 20.249859
