lastAccountName: Biataria
timestamps:
  login: 1576552508640
  logout: 1576548634880
  kits:
    color: 1576142473993
    dtools: 1576385794367
    tools: 1576140059798
  lastteleport: 1576551030165
ipAddress: 192.168.0.1
logoutlocation:
  world: world
  x: 1581.836793001135
  y: 124.58975915554547
  z: 576.8455525864766
  yaw: 352.4996
  pitch: 17.400253
afk: false
money: '602.2410000000000037'
lastlocation:
  world: world
  x: 607.5926637242853
  y: 75.62189393115122
  z: -2494.659093116627
  yaw: -272.05945
  pitch: 17.400162
godmode: false
homes: {}
