lastAccountName: Biataria
timestamps:
  login: 1576584105464
  logout: 1576584440164
  kits:
    color: 1576142473993
    dtools: 1576385794367
    tools: 1576140059798
  lastteleport: 1576584184668
ipAddress: 192.168.0.1
logoutlocation:
  world: world
  x: -229.41047048891068
  y: 65.48124485520191
  z: -210.7530794742333
  yaw: 153.46391
  pitch: 17.549639
afk: false
money: '1835.4784999999999361'
lastlocation:
  world: world
  x: 412.67528279383635
  y: 82.54432996106289
  z: 791.5171749026285
  yaw: -151.49918
  pitch: 33.899452
godmode: false
homes:
  home:
    world: world
    x: -420.6847792780316
    y: 97.93289110552553
    z: 178.66501207593288
    yaw: 100.80294
    pitch: 47.549976
powertools: {}
