lastAccountName: Biataria
timestamps:
  login: 1576124752701
  logout: 1576123634106
ipAddress: 192.168.0.179
logoutlocation:
  world: world
  x: 1.8270888133226337
  y: 68.0
  z: 11.027346735840329
  yaw: 19.602919
  pitch: 21.749952
