lastAccountName: Biataria
timestamps:
  login: 1576543644534
  logout: 1576536094389
  kits:
    color: 1576142473993
    dtools: 1576385794367
    tools: 1576140059798
  lastteleport: 1576543659301
ipAddress: 192.168.0.1
logoutlocation:
  world: world
  x: -542.392308749218
  y: 72.0
  z: 172.387531424085
  yaw: 138.28319
  pitch: 15.3006
afk: false
money: '454.1644999999999947'
lastlocation:
  world: world
  x: -647.3275651431793
  y: 71.0
  z: 1134.8165303734718
  yaw: 344.55527
  pitch: 7.9498706
godmode: false
homes: {}
