lastAccountName: Biataria
timestamps:
  login: 1576457887118
  logout: 1576459967854
  kits:
    color: 1576142473993
    dtools: 1576385794367
    tools: 1576140059798
  lastteleport: 1576458108504
ipAddress: 127.0.0.1
logoutlocation:
  world: world
  x: -403.0239004374162
  y: 82.17112611113242
  z: 132.67038703423162
  yaw: 26.193848
  pitch: 8.699616
afk: false
money: '97.7140000000000002'
lastlocation:
  world: world
  x: 0.5
  y: 78.99290355399106
  z: 0.5
  yaw: -77.22796
  pitch: 21.299978
godmode: false
