lastAccountName: Biataria
timestamps:
  login: 1576552829189
  logout: 1576552650068
  kits:
    color: 1576142473993
    dtools: 1576385794367
    tools: 1576140059798
  lastteleport: 1576559924440
ipAddress: 192.168.0.1
logoutlocation:
  world: world
  x: 625.8994631996004
  y: 72.0
  z: -2693.574903402407
  yaw: 307.70035
  pitch: 28.04986
afk: true
money: '1680.3384999999999551'
lastlocation:
  world: world
  x: 351.7060780239598
  y: 179.83448807571406
  z: 665.7627383247789
  yaw: 233.55243
  pitch: 72.75055
godmode: false
homes:
  home:
    world: world
    x: -420.6847792780316
    y: 97.93289110552553
    z: 178.66501207593288
    yaw: 100.80294
    pitch: 47.549976
powertools: {}
