lastAccountName: Biataria
timestamps:
  login: 1576583415548
  logout: 1576583558238
  kits:
    color: 1576142473993
    dtools: 1576385794367
    tools: 1576140059798
  lastteleport: 1576582504842
ipAddress: 192.168.0.1
logoutlocation:
  world: world
  x: -749.8227874328688
  y: 94.56407404847576
  z: 405.4782052987646
  yaw: -137.38028
  pitch: 22.651756
afk: false
money: '1835.4784999999999361'
lastlocation:
  world: world
  x: 1376.2931252869782
  y: 97.0
  z: 87.01082814051932
  yaw: 192.26521
  pitch: 36.001007
godmode: false
homes:
  home:
    world: world
    x: -420.6847792780316
    y: 97.93289110552553
    z: 178.66501207593288
    yaw: 100.80294
    pitch: 47.549976
powertools: {}
