lastAccountName: Biataria
timestamps:
  login: 1576141948892
  logout: 1576140172831
  kits:
    tools: 1576140059798
ipAddress: 192.168.0.1
logoutlocation:
  world: world
  x: 5.4761777623945544
  y: 70.0
  z: 30.908970543516244
  yaw: 165.16162
  pitch: 21.599995
afk: false
