lastAccountName: CentrelinkFlex
timestamps:
  login: 1576376828185
  logout: 1576376838647
ipAddress: 127.0.0.1
logoutlocation:
  world: world
  x: -4.49005005167169
  y: 68.0
  z: 13.162632327144616
  yaw: -11.143986
  pitch: 5.849999
