lastAccountName: CentrelinkFlex
timestamps:
  login: 1576484407372
  logout: 1576485426775
  lastteleport: 1576485032291
ipAddress: 192.168.0.1
logoutlocation:
  world: world
  x: -450.3460569738218
  y: 78.0
  z: 173.89057027638253
  yaw: 259.05057
  pitch: 22.349838
lastlocation:
  world: world
  x: 20.434940861171626
  y: 79.0
  z: 380.6540042147601
  yaw: 31.050478
  pitch: 15.449955
afk: false
money: '36.1260000000000009'
