lastAccountName: CentrelinkFlex
timestamps:
  login: 1576544051605
  logout: 1576543975194
  lastteleport: 1576485032291
ipAddress: 192.168.0.1
logoutlocation:
  world: world
  x: -387.34516439485117
  y: 70.0
  z: 299.5049877920425
  yaw: 357.90436
  pitch: -1.2002238
lastlocation:
  world: world
  x: 20.434940861171626
  y: 79.0
  z: 380.6540042147601
  yaw: 31.050478
  pitch: 15.449955
afk: false
money: '74.2320000000000004'
