lastAccountName: CentrelinkFlex
timestamps:
  login: 1576581391315
  logout: 1576581458110
  lastteleport: 1576578519533
ipAddress: 192.168.0.1
logoutlocation:
  world: world
  x: -494.015483290054
  y: 87.0
  z: -133.26323940107864
  yaw: 269.99634
  pitch: 29.250093
lastlocation:
  world: world
  x: 24.46141685328626
  y: 66.0
  z: 1.4117211598094181
  yaw: 280.3485
  pitch: 9.149948
afk: false
money: '215.2319999999999954'
godmode: false
homes:
  home:
    world: world
    x: 1756.699999988079
    y: 76.875
    z: 616.5392646310784
    yaw: 150.30383
    pitch: 66.300125
