timestamps:
  login: 1576586497872
  logout: 1576587964309
lastlocation:
  world: world
  x: 5.5
  y: 66.0
  z: -8.5
  yaw: 3.3471084
  pitch: 0.0
geolocation: Australia
logoutlocation:
  world: world
  x: 147.13407048072986
  y: 63.0
  z: 51.06866160779596
  yaw: -128.28683
  pitch: 12.459581
ip-address: 112.141.13.43
last-account-name: Faeshadow
