lastAccountName: Ailourae
timestamps:
  login: 1576550489413
  logout: 1576544570807
  lastteleport: 1576548398747
ipAddress: 192.168.0.1
money: '4360.4040000000000630'
logoutlocation:
  world: world
  x: -407.4396605940365
  y: 81.39969405475243
  z: 176.9961974617281
  yaw: -18.90625
  pitch: 3.4501572
afk: false
lastlocation:
  world: world
  x: 3.8362872617335535
  y: 66.0
  z: 2.0118145572674413
  yaw: 111.60001
  pitch: 28.050026
socialspy: true
