timestamps:
  login: 1576553142667
  logout: 1576553096438
  lastteleport: 1576548398747
money: '4360.4040000000000630'
logoutlocation:
  world: world
  x: -410.29211152905907
  y: 79.41519573686061
  z: 181.65791458161857
  yaw: 117.48712
  pitch: 35.248608
afk: false
lastlocation:
  world: world
  x: 3.8362872617335535
  y: 66.0
  z: 2.0118145572674413
  yaw: 111.60001
  pitch: 28.050026
socialspy: true
ip-address: 192.168.0.1
last-account-name: Ailourae
