lastAccountName: Ailourae
timestamps:
  login: 1576379080897
  logout: 1576384590165
ipAddress: 192.168.0.18
money: '17750.0'
logoutlocation:
  world: world
  x: -426.90153242784424
  y: 78.0
  z: 158.48328575767297
  yaw: 167.86035
  pitch: 12.600045
