jails: 
  center: 
    world: world
    x: 0.6289575211552216
    y: 3.0
    z: 0.6145144551475726
    yaw: 2.088789
    pitch: 89.7001
