world: 7109f2dd-d9b2-4bc2-b5ea-c4fc90b11118
world-name: world
x: 25.6341902288427
y: 63.5
z: -4.937400000523808
yaw: -179.37548828125
pitch: -2.84995436668396
name: FrogmouthGardens
lastowner: c32ec490-fc75-41f7-8cb6-9909a9a09a26
