world: 7109f2dd-d9b2-4bc2-b5ea-c4fc90b11118
world-name: world
x: 0.4510199333644829
y: 63.0
z: 14.19167060664231
yaw: 0.17138671875
pitch: -2.0999598503112793
name: info
lastowner: c32ec490-fc75-41f7-8cb6-9909a9a09a26
