world: 7109f2dd-d9b2-4bc2-b5ea-c4fc90b11118
world-name: world
x: -36.96919687448794
y: 63.0
z: 13.092511084828692
yaw: 0.002197265625
pitch: 0.4500143527984619
name: jobs
lastowner: c32ec490-fc75-41f7-8cb6-9909a9a09a26
