world: 7109f2dd-d9b2-4bc2-b5ea-c4fc90b11118
world-name: world
x: -26.69999998807907
y: 80.0
z: -25.653143442688698
yaw: -88.8681640625
pitch: 10.800122261047363
name: parkour
lastowner: c32ec490-fc75-41f7-8cb6-9909a9a09a26
