world: 7109f2dd-d9b2-4bc2-b5ea-c4fc90b11118
world-name: world
x: -26.96758167390788
y: 63.0
z: -2.1967693858834787
yaw: 179.12158203125
pitch: -3.7499566078186035
name: shop
lastowner: c32ec490-fc75-41f7-8cb6-9909a9a09a26
