world: world
x: -505.544401207434
y: 90.0
z: -102.93218899152056
yaw: 202.38574
pitch: -9.299668
name: tree
lastowner: 5b81b3e9-1586-4c7b-b6b6-4343ff4a8646
